115
180
145
187
185
78
118
30
73
92
47
108
116
135
84
51
154
167
19
32
160
108
81
21
165
85
170
48
154
5
35
148
188
44
83
49
34
54
30
166
153
106
128
53
194
31
75
115
19
168
137
134
191
107
82
120
69
130
129
36
172
120
171
37
64
183
139
84
98
17
76
137
51
130
168
1
114
60
61
78
78
16
105
37
135
155
172
181
6
93
51
146
82
172
167
35
115
113
152
92
189
21
35
74
129
143
98
130
30
20
63
107
37
33
164
154
46
61
9
31
69
154
98
174
96
23
121
6
108
153
114
70
164
36
93
114
14
114
37
126
140
143
107
125
120
154
21
35
47
71
81
29
189
159
19
172
172
10
44
72
151
179
112
128
144
10
37
119
21
166
34
11
145
96
56
115
171
166
75
123
31
41
190
134
61
23
81
59
61
129
98
17
35
50
4
130
174
23
76
160
26
126
12
189
24
115
53
14
69
44
44
179
167
144
82
130
144
88
195
73
145
193
189
37
149
97
92
119
33
112
61
163
51
185
121
110
37
72
163
153
96
161
121
186
19
67
129
168
129
191
138
71
183
50
99
95
130
127
64
45
123
101
107
35
112
36
136
57
149
132
145
166
129
136
115
5
177
135
76
145
109
14
4
137
151
126
83
189
144
73
102
47
145
19
7
88
139
70
193
30
144
20
114
146
83
54
139
103
56
106
41
24
56
128
172
101
42
90
190
98
162
194
172
116
32
11
182
41
4
163
88
55
18
115
70
122
150
35
35
98
179
132
66
80
37
139
164
76
89
73
154
76
192
155
78
159
24
76
37
77
21
82
135
171
62
110
120
73
194
50
114
140
110
32
44
161
162
37
85
127
119
108
111
57
141
30
179
121
144
83
160
121
19
101
135
108
193
170
98
167
156
194
181
86
186
126
113
192
173
121
158
51
74
69
139
94
93
106
157
23
61
140
34
164
19
38
95
162
121
162
191
89
24
164
76
146
23
102
28
110
44
121
102
24
114
135
165
98
19
98
44
168
92
74
70
118
125
11
129
79
65
76
150
153
168
185
9
158
9
24
48
21
98
169
174
65
49
142
169
35
118
145
193
98
53
172
27
62
125
12
76
30
82
72
56
76
35
90
154
179
87
81
54
33
22
132
37
96
184
185
106
129
114
17
107
29
75
36
35
72
56
178
135
63
36
107
67
180
143
55
108
38
167
4
147
119
108
57
37
181
108
159
20
54
61
115
160
114
154
117
35
119
26
125
76
162
101
24
31
180
184
76
35
84
172
41
147
124
95
69
38
2
90
116
105
184
140
138
58
61
192
164
184
90
12
173
154
92
36
60
129
88
130
84
4
76
139
62
35
109
81
144
19
24
39
63
99
81
22
192
114
34
193
182
44
172
30
107
37
174
42
142
84
50
154
5
163
117
79
153
153
114
54
49
42
97
54
34
66
114
70
111
135
191
56
157
110
159
176
191
109
20
84
108
76
137
37
152
165
155
109
61
13
39
84
102
159
166
70
119
1
46
37
23
139
120
119
91
171
105
40
172
189
1
144
29
59
34
103
118
61
38
117
152
116
62
96
84
36
98
102
129
97
76
134
155
182
39
21
115
27
97
88
110
85
95
23
179
111
128
44
29
77
114
100
144
31
138
80
154
23
24
151
108
155
139
23
104
19
7
126
164
84
90
116
22
112
12
62
179
24
132
174
64
11
147
11
96
94
98
131
155
76
100
173
52
97
62
108
108
182
50
180
12
23
132
105
14
146
95
65
97
62
135
138
142
49
14
17
144
154
4
29
184
116
35
76
194
155
156
56
69
144
151
65
34
34
180
11
16
114
75
116
93
123
150
111
29
117
166
134
38
115
153
159
191
107
128
73
107
70
98
165
144
5
30
119
129
172
124
98
172
127
84
103
132
95
47
26
167
72
176
91
147
23
129
114
111
37
145
164
54
94
113
174
35
187
17
128
7
171
32
189
76
94
138
12
116
107
162
6
51
102
78
72
54
35
95
157
109
17
140
60
86
17
51
38
185
21
35
44
89
139
160
107
185
180
154
45
87
42
158
61
155
51
76
185
85
44
36
189
130
144
123
172
119
142
165
15
15
90
65
196
132
155
193
170
160
66
35
90
109
194
61
77
61
139
177
191
164
90
59
75
194
135
44
15
6
121
192
4
104
65
126
188
58
29
35
95
23
162
160
144
54
177
187
190
26
102
167
34
52
89
108
66
108
127
135
76
105
182
6
129
84
61
102
144
72
113
187
107
6
29
11
139
81
35
156
78
44
7
108
87
129
54
92
52
96
57
112
153
136
177
124
194
100
97
121
84
140
33
145
112
183
6
46
59
142
57
184
44
34
21
189
117
121
82
35
59
104
61
179
63
69
111
87
108
154
59
8
123
101
195
66
181
107
152
195
47
98
139
54
139
170
11
11
195
178
44
171
129
26
17
111
154
103
103
157
107
188
74
190
16
21
154
49
158
57
108
29
86
29
182
38
19
142
113
50
42
174
55
196
138
79
35
76
146
110
157
107
78
129
23
73
52
141
30
182
39
90
43
61
76
186
130
184
135
179
24
114
190
59
50
154
131
60
74
191
26
125
182
98
85
177
85
32
177
50
74
128
79
128
52
185
116
164
1
56
144
140
166
82
134
172
150
12
29
33
172
112
62
23
111
30
154
162
146
105
37
62
106
151
4
165
76
21
17
33
1
192
185
61
21
144
176
91
64
145
44
19
138
44
138
41
47
62
110
17
193
152
90
144
59
1
35
1
10
69
48
142
182
30
150
74
87
66
81
196
24
114
89
93
84
135
110
77
122
53
60
119
62
159
128
142
57
142
172
164
158
107
142
11
98
107
73
83
142
3
119
98
147
189
62
129
156
139
117
119
155
62
73
77
148
32
107
103
104
35
96
131
128
102
133
29
42
121
24
66
85
87
76
161
128
54
120
112
184
6
23
30
72
107
161
164
76
153
162
107
106
37
12
137
139
166
100
93
23
114
64
19
130
76
78
156
18
146
23
97
73
132
191
40
24
146
177
17
68
55
174
119
29
100
158
65
72
169
30
62
158
133
83
75
120
35
88
177
39
39
84
119
72
193
128
155
56
137
154
88
132
101
161
81
23
7
76
171
26
8
84
76
118
142
115
35
129
32
86
36
182
120
128
90
114
110
139
5
42
42
31
23
109
41
84
160
131
132
24
114
130
145
93
108
23
53
98
30
119
49
7
30
150
20
54
191
184
19
194
130
139
114
5
76
112
24
102
111
57
88
62
93
120
48
51
90
42
182
23
116
164
128
124
90
23
23
24
152
42
178
176
104
37
84
26
184
35
5
100
144
183
194
194
121
147
29
127
57
149
135
61
183
182
149
104
105
147
192
76
119
118
151
21
80
18
75
176
165
140
144
29
135
177
110
65
137
133
182
99
1
96
166
151
129
95
139
98
166
86
61
47
161
35
70
61
172
167
125
132
1
94
148
135
23
29
114
162
185
76
48
161
41
187
84
87
116
112
34
136
30
69
107
1
73
129
73
104
51
154
162
17
68
188
139
40
106
114
97
102
30
39
130
37
56
18
128
64
44
126
163
139
5
65
46
169
45
149
160
161
92
36
131
150
39
37
142
19
79
173
89
114
130
84
170
72
185
137
54
16
154
192
56
60
23
128
35
108
12
99
35
152
124
35
35
56
76
5
140
108
36
164
89
142
76
129
159
134
92
65
144
16
66
138
45
12
34
102
154
114
63
77
170
183
173
37
72
137
146
28
30
30
158
70
149
93
105
62
156
191
119
163
61
176
129
55
187
183
37
77
106
61
172
180
38
182
98
76
119
138
5
63
54
77
152
179
112
85
24
159
119
29
113
36
100
55
66
75
57
23
183
14
90
83
148
44
132
171
34
140
55
193
59
35
44
76
128
124
196
158
154
49
180
37
180
195
73
123
62
42
70
114
107
125
131
139
62
92
107
50
193
115
117
135
191
145
81
120
129
90
29
68
45
148
20
34
73
47
76
153
196
182
23
158
55
91
102
128
12
23
46
107
153
108
61
56
126
27
163
54
143
144
49
53
1
128
44
156
172
44
99
91
185
72
42
11
107
49
137
97
61
78
154
11
63
55
162
59
54
37
161
19
121
19
33
102
37
84
150
50
129
116
9
139
68
96
51
144
167
44
173
143
114
188
30
179
69
123
61
146
16
168
126
178
169
100
98
152
108
35
36
37
174
115
129
114
139
192
170
73
182
37
8
138
121
35
19
121
106
1
119
176
101
183
160
154
48
44
40
31
76
89
91
60
109
12
119
154
76
135
57
114
52
188
187
154
183
65
91
17
1
104
120
162
118
187
106
35
56
153
183
44
114
75
109
167
107
110
5
182
98
113
77
183
176
187
74
166
1
108
139
86
115
179
139
35
121
73
142
65
39
162
23
114
63
40
37
36
60
69
82
170
146
81
183
172
193
7
114
29
129
44
44
160
37
179
35
176
69
39
84
107
108
63
78
119
137
153
192
129
113
110
140
120
40
116
139
16
108
196
53
121
155
6
23
127
52
179
183
1
53
101
125
27
138
114
19
45
144
111
68
1
164
35
160
144
69
2
121
72
165
159
111
12
123
119
168
154
17
76
1
129
7
61
181
84
114
38
105
37
140
108
116
105
54
74
142
23
90
164
172
5
96
143
121
114
169
170
121
121
112
156
62
137
123
129
118
108
114
62
126
32
76
87
143
37
112
96
66
112
35
13
131
11
92
44
179
144
140
97
107
44
158
104
43
119
156
37
35
42
150
180
24
160
35
112
139
139
55
76
189
61
23
34
125
152
76
131
23
121
13
139
113
183
54
16
73
118
192
145
132
185
37
184
57
98
37
65
191
111
76
96
154
194
24
154
29
114
161
21
89
135
11
154
189
128
44
145
190
128
167
113
98
37
153
120
24
4
160
17
180
156
59
12
114
51
144
6
100
134
121
35
77
130
10
138
139
1
29
93
83
147
104
111
121
76
154
192
109
1
98
97
42
74
76
139
152
66
71
184
166
53
110
164
10
87
180
36
54
129
16
98
163
167
44
72
91
102
23
160
148
107
165
169
108
9
190
62
144
71
42
113
61
77
23
93
130
63
162
1
80
45
39
39
107
180
155
76
49
169
168
106
119
19
153
59
93
64
23
66
44
105
63
35
143
108
52
177
140
36
183
78
139
17
21
44
195
70
144
114
97
38
98
123
93
97
129
154
122
107
140
34
159
139
58
46
88
168
82
113
179
58
53
168
117
147
135
40
23
154
150
190
75
72
80
86
147
97
139
164
156
168
48
72
108
91
161
134
13
177
86
111
8
53
91
143
53
27
192
1
5
140
175
170
108
164
105
39
100
35
54
142
188
61
146
174
84
50
105
56
37
38
96
116
102
145
131
164
189
121
50
98
96
131
167
194
161
85
154
40
72
91
169
161
56
73
84
23
191
55
111
121
20
103
184
73
35
31
138
82
48
49
82
19
78
31
142
107
135
21
123
121
44
170
180
24
169
164
118
5
4
43
121
84
37
108
169
139
52
65
193
75
121
166
114
142
27
23
60
47
119
96
146
60
118
182
77
154
104
181
92
31
52
73
54
83
38
96
114
54
185
52
14
54
54
196
40
18
127
16
31
142
164
150
10
90
101
93
56
143
162
52
67
147
37
144
43
125
30
4
107
162
61
102
103
21
121
139
117
8
127
86
56
139
5
130
121
41
39
45
107
70
76
144
183
114
30
154
54
1
162
169
84
150
37
8
166
144
152
35
186
38
4
75
107
121
169
69
174
152
108
73
98
128
125
120
51
44
77
89
137
190
109
152
81
107
106
127
175
41
180
144
5
195
96
121
172
158
37
63
143
136
113
66
1
145
167
143
5
59
91
127
1
115
57
135
105
163
166
78
38
21
139
90
66
89
72
95
77
54
102
106
121
143
84
90
125
93
114
119
27
177
26
23
70
150
44
36
92
54
84
68
40
128
23
146
87
147
94
114
180
31
34
100
175
94
152
124
153
72
122
21
91
108
139
119
155
3
40
162
77
139
80
38
105
19
44
149
69
54
7
135
192
75
93
44
144
107
129
78
129
154
34
90
52
150
97
76
116
17
30
154
154
108
167
32
180
98
110
92
102
76
37
30
119
160
163
178
84
162
55
12
179
118
114
76
37
123
169
141
119
21
40
152
55
23
177
35
155
119
153
108
126
102
155
90
139
117
139
139
169
119
19
84
32
61
13
38
191
90
46
109
51
159
98
89
35
78
148
30
186
118
98
75
29
4
107
185
131
40
48
130
119
57
23
166
27
19
45
36
6
82
164
152
66
63
130
56
23
182
55
110
106
144
120
123
191
144
73
25
84
165
83
50
65
51
6
166
34
136
125
21
115
30
174
12
76
1
135
98
5
105
97
182
68
193
133
77
152
61
115
42
84
48
151
108
44
77
117
50
55
194
100
158
82
102
45
129
165
19
160
72
146
73
56
167
182
109
34
153
53
44
84
154
160
89
50
27
61
173
134
48
35
73
40
93
116
19
125
114
30
126
35
21
20
101
117
35
77
35
164
162
59
142
50
68
37
172
107
61
97
36
32
159
129
139
102
110
176
171
105
36
34
185
90
46
152
154
100
11
61
137
58
23
54
161
139
97
125
131
63
176
115
76
9
81
135
187
140
165
63
23
94
164
163
144
127
136
191
115
44
169
149
23
86
98
124
68
16
38
93
26
142
156
138
160
49
196
78
51
93
55
106
116
161
63
161
24
125
121
11
23
24
129
156
142
106
124
144
44
61
163
144
190
157
133
24
144
23
12
170
139
128
139
29
114
27
102
84
76
121
31
164
27
72
49
23
27
51
176
159
34
107
112
183
36
106
173
15
178
103
74
114
180
70
38
119
6
6
37
73
138
102
35
24
69
79
106
37
121
128
19
25
194
153
1
89
90
97
104
91
158
36
182
51
152
114
73
138
116
99
95
129
110
25
172
1
108
164
97
144
108
162
186
53
103
26
69
84
121
32
87
162
137
46
159
193
161
42
99
63
140
194
164
73
31
16
51
137
140
23
109
192
139
31
10
76
158
128
84
193
86
15
108
42
103
86
166
19
70
20
106
68
157
31
77
166
172
80
81
164
23
55
40
42
182
172
182
164
113
182
171
160
77
173
85
4
157
23
92
194
14
139
101
180
180
146
56
36
97
148
40
129
154
129
1
30
109
121
192
21
31
50
37
111
121
183
85
20
75
97
189
107
194
61
79
127
97
62
23
184
158
156
42
181
142
10
126
36
169
176
176
98
19
89
97
189
129
69
193
117
56
130
19
82
154
144
114
1
85
158
121
193
84
160
63
178
77
116
31
76
121
76
98
137
180
172
30
50
49
19
126
24
116
24
164
96
29
77
152
191
53
80
164
99
21
67
77
135
108
138
144
50
121
182
169
63
61
156
1
129
107
41
38
125
44
56
194
129
156
80
19
32
29
11
84
129
91
86
167
187
5
62
192
11
148
177
185
194
37
23
89
23
107
159
129
114
112
107
139
102
65
189
17
85
118
116
28
71
111
140
97
5
11
86
12
51
113
92
129
54
128
151
164
20
40
145
4
121
114
10
82
111
3
70
65
37
132
24
69
180
172
180
129
116
183
84
62
37
191
192
164
159
153
89
85
44
143
76
100
23
133
64
10
154
138
14
29
32
130
76
45
101
98
156
191
117
129
121
126
95
108
128
158
13
193
37
23
65
10
90
50
180
32
129
137
128
57
26
89
119
69
44
102
65
16
81
40
179
127
115
130
182
160
149
35
87
145
127
158
14
7
133
23
108
56
98
126
27
78
9
115
5
65
172
78
61
35
129
171
71
119
156
102
5
196
72
83
60
159
121
66
119
162
183
9
112
47
125
54
51
144
195
135
46
66
170
37
107
61
100
37
142
152
131
189
165
119
145
168
108
31
5
13
65
40
77
165
151
158
167
173
70
74
176
87
91
102
73
128
138
180
35
69
57
8
39
114
76
65
132
151
98
56
191
114
90
25
29
179
121
168
152
61
44
73
32
192
23
108
96
100
158
140
89
154
35
86
90
182
78
89
114
148
114
139
152
1
162
75
29
124
196
121
139
129
49
6
159
24
31
166
185
139
111
138
195
162
98
102
19
112
107
167
193
81
119
132
164
51
139
152
154
89
112
106
84
50
7
86
72
170
127
51
86
40
44
78
130
97
113
79
1
108
114
27
164
43
114
13
35
167
47
134
75
167
80
48
142
52
137
165
45
172
162
120
19
27
47
79
12
185
125
41
42
51
105
119
136
35
154
56
155
72
142
37
42
62
110
24
192
105
21
35
170
102
65
174
157
102
96
15
186
154
98
52
102
28
11
71
135
172
105
196
8
55
177
142
121
35
43
182
124
157
34
132
84
47
180
90
93
121
154
135
168
61
161
18
30
73
149
168
46
189
196
169
15
119
179
162
44
109
164
61
114
11
98
135
164
119
24
69
21
139
63
102
111
62
187
86
124
84
35
114
114
90
156
54
76
172
193
183
157
158
6
11
19
155
168
142
166
179
52
17
30
73
24
41
106
191
159
84
98
76
72
75
139
31
88
98
23
4
126
35
19
44
104
74
160
76
5
164
9
144
11
51
66
16
108
119
84
188
169
85
96
84
108
128
29
185
4
114
145
129
157
166
74
164
183
53
63
105
84
17
56
38
73
117
131
125
144
182
30
112
56
61
78
93
190
132
138
166
97
156
150
175
157
138
116
9
175
139
191
46
135
74
90
113
130
114
85
128
98
44
106
95
177
140
57
38
9
23
168
172
77
65
1
193
19
84
100
159
124
32
5
44
54
165
40
170
161
115
6
62
116
162
142
90
128
184
76
65
145
188
41
84
92
139
76
115
11
101
89
63
107
146
131
17
188
15
79
166
62
183
162
185
121
56
35
44
118
165
98
188
75
119
150
178
143
108
45
77
98
49
118
62
35
98
172
129
9
123
161
135
69
11
74
61
170
190
165
35
32
19
130
119
29
98
166
114
49
57
154
193
62
88
76
168
17
119
119
98
10
4
129
107
130
85
55
121
77
76
60
23
91
164
129
173
41
154
118
17
44
125
44
127
5
76
71
51
35
194
76
81
129
144
24
92
47
103
63
119
139
3
172
74
119
35
75
94
189
11
114
37
77
145
111
154
79
169
96
97
152
44
104
192
66
154
38
84
83
139
72
140
21
114
161
76
15
80
1
154
38
81
24
112
31
45
6
154
13
178
88
163
75
98
114
146
185
135
114
132
15
35
140
194
194
115
35
1
3
189
97
135
25
121
95
139
6
62
44
24
185
119
130
23
97
103
19
48
45
18
166
48
24
44
130
195
119
178
27
123
53
137
101
161
1
121
107
108
56
52
84
36
21
40
89
158
159
114
19
19
58
24
149
54
140
125
23
87
10
27
24
77
89
160
107
24
177
128
144
196
181
23
109
76
135
109
84
9
21
89
158
70
74
61
193
115
16
41
150
17
46
172
85
82
56
115
105
58
177
129
10
31
76
42
4
97
89
21
96
50
97
195
23
180
122
4
19
66
133
69
140
102
82
155
35
90
84
44
59
154
16
193
92
24
129
160
170
32
37
35
77
154
117
44
113
41
55
9
80
65
48
31
124
180
181
107
153
141
77
75
49
107
170
90
37
3
155
108
34
127
61
164
155
169
114
123
160
102
126
84
63
19
67
178
184
76
52
196
108
31
31
2
88
55
23
47
16
101
129
133
101
34
40
107
142
145
85
36
144
24
147
31
76
158
168
44
78
90
134
85
36
61
132
76
153
191
94
115
139
147
111
77
121
176
135
174
35
21
148
114
81
96
56
110
31
107
109
171
180
146
144
151
53
126
161
44
193
58
16
139
144
164
180
35
128
61
21
95
2
150
170
66
30
2
44
140
5
194
54
99
115
90
119
173
100
61
26
4
167
132
148
75
83
21
168
193
77
50
39
178
19
21
91
73
10
39
23
128
29
157
81
189
119
76
125
145
133
93
5
182
122
44
111
99
180
40
35
97
194
80
34
144
177
77
176
115
164
154
45
165
61
191
41
107
21
76
109
148
108
135
145
6
90
56
179
92
130
144
179
172
5
6
185
182
5
31
5
66
129
97
196
59
9
23
134
63
135
92
25
113
19
78
35
133
29
194
162
177
35
180
89
65
21
144
111
108
146
139
6
191
108
102
162
107
19
84
178
95
85
104
23
4
63
34
42
82
72
154
82
101
37
88
23
144
142
23
18
129
92
73
54
110
121
76
65
80
159
36
11
37
153
17
27
57
169
155
78
54
44
194
146
47
73
148
119
129
121
34
30
62
195
171
166
129
144
19
113
153
11
125
111
116
89
51
102
35
162
111
154
107
87
37
172
17
114
74
48
34
85
102
180
37
173
120
19
50
145
54
73
82
58
119
169
118
4
142
144
150
107
47
76
12
124
142
168
172
133
109
3
109
23
129
165
124
17
44
146
84
77
166
78
185
70
7
71
78
96
17
35
23
126
81
38
164
166
192
125
171
93
29
130
121
98
121
77
112
191
105
105
127
128
24
44
10
145
152
80
21
151
23
54
92
145
24
194
40
51
70
92
128
144
8
22
30
44
84
140
24
163
175
185
30
180
152
157
10
147
164
73
73
35
172
162
146
169
142
193
174
124
51
56
24
135
47
119
129
59
108
156
128
66
6
194
78
75
192
30
23
37
91
105
190
114
82
184
77
58
4
35
154
121
108
179
103
157
97
171
47
1
121
34
27
90
51
42
44
157
44
56
54
95
66
75
118
72
4
102
46
107
37
65
122
73
164
184
167
168
165
128
30
35
61
91
89
191
176
48
150
89
4
175
29
165
119
193
97
90
45
191
23
84
159
55
87
50
40
90
57
168
66
11
187
183
106
50
31
31
162
11
23
61
29
12
89
53
121
77
114
165
155
129
30
140
182
156
35
66
183
17
162
18
170
184
90
54
31
102
23
81
24
84
76
168
174
102
139
54
37
6
105
80
89
100
58
154
37
189
128
129
140
97
75
101
98
179
35
40
176
115
160
154
146
194
147
10
182
52
187
37
183
114
56
129
11
194
35
168
105
154
107
129
175
47
18
167
188
17
57
107
25
81
144
119
158
91
31
27
119
22
16
63
37
93
114
72
119
165
187
38
143
167
6
81
105
109
38
35
81
36
35
37
185
44
5
178
164
27
79
195
24
138
131
61
196
21
73
65
89
153
178
163
37
130
90
171
93
5
80
54
29
44
44
65
63
121
92
103
14
119
162
159
106
76
56
140
119
151
83
178
160
40
183
195
165
44
84
119
77
163
77
34
63
119
1
72
72
98
50
114
173
178
42
115
22
154
161
192
19
155
149
164
115
163
72
176
90
127
72
193
70
169
65
103
30
76
139
90
129
124
75
37
171
35
84
76
9
154
80
64
76
166
113
72
149
42
123
116
17
187
108
102
6
193
130
114
190
50
57
156
49
191
23
135
104
86
24
18
154
61
32
85
112
42
23
36
129
154
114
37
155
182
59
179
85
164
153
193
51
47
107
131
144
182
70
82
172
35
156
182
115
76
75
72
66
150
5
139
160
68
148
38
161
23
119
109
82
136
139
23
121
144
99
76
72
153
51
166
17
72
132
25
76
145
172
114
58
183
107
137
131
128
39
30
63
38
70
153
146
43
23
10
158
42
44
128
33
163
107
72
9
187
55
29
144
24
154
55
136
31
44
44
140
83
130
69
114
11
182
37
13
125
5
118
23
17
120
162
91
144
23
70
43
54
154
185
65
42
27
172
31
27
89
77
76
73
6
196
86
114
180
56
69
180
85
180
114
108
44
24
61
76
160
137
170
135
169
142
73
148
166
162
35
67
155
104
114
61
14
23
139
135
140
145
35
54
1
50
77
6
146
135
21
7
97
1
148
149
177
82
114
105
30
77
152
42
182
183
115
27
19
98
88
183
35
73
178
162
121
166
150
76
29
128
164
12
34
103
17
107
17
158
109
84
81
61
16
187
62
182
157
86
182
167
11
78
4
96
54
76
180
36
42
114
35
106
138
40
171
139
168
55
86
51
38
135
17
9
84
128
174
107
62
61
147
19
150
115
144
171
51
98
121
128
132
149
103
154
77
142
153
51
139
9
59
37
73
119
127
114
11
157
93
142
119
142
187
119
38
63
139
38
189
92
121
10
128
159
83
124
129
76
167
173
13
102
56
62
119
181
121
19
187
43
154
139
96
186
182
125
173
30
98
144
73
139
14
182
192
99
186
189
189
31
37
167
90
172
63
90
158
164
90
80
107
139
17
157
139
26
37
38
61
104
111
76
172
179
157
47
23
49
172
105
107
154
130
24
107
127
56
84
37
61
102
62
90
27
119
143
152
128
188
5
144
27
80
53
115
155
104
29
156
126
80
145
162
105
174
61
191
128
115
84
42
90
185
112
5
121
144
83
90
48
43
70
105
51
31
21
139
72
132
129
62
103
9
155
160
23
148
95
66
47
164
153
178
80
183
131
93
182
37
6
37
21
61
158
76
130
119
123
54
180
47
9
36
97
165
136
55
92
61
124
181
190
40
95
27
61
105
145
51
154
84
158
159
81
150
78
25
139
12
91
37
77
53
167
125
30
140
95
166
51
20
31
1
73
146
98
168
169
129
21
65
44
172
50
135
82
123
91
164
18
96
59
119
174
182
113
86
169
2
105
49
39
195
61
51
101
44
23
195
44
41
85
108
4
79
139
154
71
37
87
140
98
27
5
167
167
132
114
83
108
172
172
35
55
44
140
106
50
54
3
132
114
171
49
135
6
35
154
90
118
41
191
31
87
40
162
150
44
152
98
94
98
184
65
130
62
173
90
41
90
134
51
156
196
90
194
187
119
178
75
109
107
107
109
134
78
156
91
12
100
196
86
71
142
91
32
164
21
108
139
120
170
145
139
139
164
144
48
82
33
139
92
138
78
25
193
111
140
117
18
112
8
135
107
11
80
85
139
158
192
53
37
180
66
97
39
56
62
189
118
145
4
104
180
176
85
130
118
116
157
162
44
76
164
119
119
196
186
195
21
192
76
19
151
3
182
118
128
133
167
31
96
120
187
98
138
110
113
16
176
115
190
36
30
70
145
139
105
155
164
13
44
170
55
169
171
145
107
84
76
123
9
42
13
30
16
139
150
84
39
138
66
32
143
161
6
29
39
15
121
119
122
129
111
9
75
55
53
76
25
48
195
100
135
173
35
47
76
30
47
37
69
21
195
114
150
40
54
24
75
108
127
172
11
76
146
107
110
17
151
193
166
15
119
12
114
193
71
47
38
155
165
132
87
115
9
135
80
156
160
179
121
73
66
75
116
144
180
36
89
120
53
100
135
181
42
135
37
184
61
158
98
17
188
179
7
135
24
11
36
120
72
137
136
104
159
119
20
160
136
33
139
111
125
67
51
17
183
72
140
68
35
13
196
36
157
17
118
178
61
139
5
107
194
83
179
187
102
104
21
174
31
114
111
77
154
135
11
73
17
140
109
78
139
185
189
118
76
24
44
111
90
179
162
119
165
141
34
45
135
73
63
37
77
160
11
109
142
139
57
114
21
90
76
190
196
45
172
172
17
117
27
142
84
121
153
155
152
164
145
135
174
114
119
84
34
31
34
1
84
194
91
25
97
128
183
61
129
118
67
47
166
100
44
40
65
154
11
77
161
95
26
36
44
145
77
123
62
29
142
188
131
48
164
187
165
154
121
73
108
44
66
65
50
135
178
19
128
177
76
176
108
74
91
39
104
112
159
181
66
92
23
129
95
192
47
5
53
120
33
90
47
76
174
86
139
44
86
50
33
84
114
23
189
113
109
145
81
95
37
117
125
77
21
192
98
176
115
137
68
81
48
44
85
139
21
24
89
59
11
189
37
164
132
76
151
191
91
35
42
35
94
60
9
27
114
27
88
6
72
72
121
193
121
157
38
109
82
73
26
102
165
55
180
101
176
29
141
37
42
23
16
50
193
84
124
158
180
58
56
104
53
108
187
155
106
82
194
177
158
159
88
63
48
114
90
4
173
119
156
113
90
55
177
10
80
42
4
59
55
7
169
17
76
135
144
108
129
157
69
114
177
166
18
118
140
121
69
79
21
128
155
35
5
191
162
187
114
119
102
30
138
88
192
72
168
129
121
94
13
17
51
97
150
174
121
61
144
55
162
59
82
135
161
73
102
180
157
177
30
143
26
125
63
98
98
63
23
31
179
117
169
98
137
76
56
4
93
158
168
44
31
114
86
44
176
98
191
113
35
113
139
16
4
172
189
32
89
41
154
183
153
34
54
107
91
172
85
46
137
159
108
194
187
31
17
164
133
99
145
61
168
158
36
135
23
144
157
83
34
168
171
114
44
97
135
19
31
173
40
42
108
119
178
102
44
53
91
169
54
121
174
193
179
10
135
90
114
128
102
123
38
62
154
14
176
61
188
111
72
143
169
128
49
172
116
114
98
29
107
50
92
114
118
15
90
144
90
54
98
76
6
164
66
139
100
35
62
102
176
19
64
37
121
94
119
19
129
42
73
157
54
167
114
70
69
4
37
118
6
34
77
37
42
144
128
2
125
67
44
47
61
146
126
164
5
196
167
6
170
93
77
185
135
89
38
164
25
115
104
85
125
121
97
121
132
162
178
38
142
128
148
119
33
146
76
73
92
115
54
54
22
177
41
84
105
41
93
92
156
96
189
119
107
126
123
84
36
76
77
91
44
190
162
194
195
139
5
180
37
72
164
81
36
66
76
125
93
87
54
161
149
2
93
66
101
92
107
44
78
111
128
154
91
193
80
107
159
160
119
121
82
23
102
129
133
54
89
88
158
40
115
35
71
84
34
41
145
77
189
178
60
34
4
45
62
193
146
24
156
51
121
81
150
175
115
135
17
3
119
98
135
100
157
36
191
77
82
193
107
47
1
85
115
56
189
5
124
21
91
66
144
138
180
52
30
66
75
39
179
61
163
12
35
31
54
68
113
132
130
121
108
56
195
51
162
160
163
107
31
40
128
124
52
29
25
155
194
187
74
126
50
119
17
111
136
42
81
24
54
144
53
47
119
36
75
134
81
106
151
179
130
185
37
80
79
97
113
6
109
26
179
189
65
153
37
23
161
97
108
35
125
114
75
6
119
115
23
124
163
185
165
61
24
157
37
9
167
178
49
154
98
21
81
164
142
76
119
48
90
80
78
189
153
146
107
144
15
80
42
104
114
50
47
60
139
157
66
193
162
84
101
119
44
16
152
86
17
74
153
35
148
119
120
19
155
144
54
23
145
12
111
31
130
98
5
24
77
35
66
166
36
48
93
100
41
172
162
86
164
61
4
136
177
63
180
97
164
96
194
108
166
8
97
5
133
61
107
119
171
176
80
23
114
140
154
108
162
118
13
5
50
135
114
41
179
37
63
178
72
146
164
183
180
8
8
116
15
73
158
113
158
40
100
18
150
42
141
149
109
137
23
107
181
90
80
108
119
4
107
115
34
190
135
114
97
108
167
176
8
31
84
168
121
176
61
145
164
101
127
179
78
69
148
36
147
101
72
84
128
30
143
152
126
134
108
185
172
18
17
31
101
72
73
2
86
104
176
128
23
142
161
135
52
155
150
166
171
126
121
169
106
31
109
159
128
10
115
93
89
135
120
72
154
22
97
167
79
70
21
130
143
166
103
30
56
186
168
19
170
17
138
44
160
26
144
95
41
134
5
50
112
145
56
114
35
24
107
131
69
61
180
137
154
119
75
140
164
140
76
154
30
131
107
104
52
191
163
65
50
29
90
111
135
76
105
121
27
137
108
144
156
79
72
51
103
63
19
148
178
61
51
39
119
54
139
23
172
135
86
108
53
141
31
38
146
107
53
47
162
17
116
75
77
112
182
41
87
4
32
125
112
191
156
107
77
30
146
152
156
150
56
92
35
139
166
142
171
50
64
23
41
195
24
62
95
145
142
69
109
154
102
37
44
96
53
49
76
5
27
149
23
19
107
63
109
174
92
38
153
76
167
162
6
45
72
6
169
191
8
119
144
105
47
76
132
90
107
47
97
113
166
180
5
98
130
152
180
109
52
35
169
113
41
96
47
144
106
119
153
37
93
114
13
194
116
56
96
170
76
37
91
62
81
131
103
172
105
47
37
54
114
163
191
23
23
113
65
23
52
180
185
125
54
85
24
35
118
144
70
91
76
160
157
137
129
181
32
176
163
90
121
5
60
94
58
154
101
44
178
41
5
133
76
177
54
177
140
182
108
160
96
65
25
135
61
95
132
168
41
162
16
117
128
191
146
53
161
114
31
183
76
66
196
50
9
37
37
65
23
68
36
129
40
91
5
54
34
191
44
163
189
164
50
60
1
135
157
180
140
98
181
34
148
139
39
158
168
97
107
128
107
101
59
77
35
106
84
145
121
161
16
152
121
114
57
161
30
5
118
154
1
97
116
178
146
155
164
20
75
149
106
185
156
36
119
84
36
170
108
82
74
124
137
158
46
38
102
91
111
47
96
154
62
146
30
98
139
56
108
93
72
71
132
40
53
31
69
90
27
139
66
154
38
134
115
126
29
84
188
128
98
37
56
54
151
7
177
190
51
167
8
84
8
75
129
30
47
40
36
148
121
106
78
177
51
24
160
17
115
121
73
77
6
163
50
108
139
171
108
1
170
39
69
191
77
180
11
118
12
11
74
38
121
6
117
173
109
170
184
158
144
96
93
84
77
84
22
160
65
23
114
104
104
126
24
148
17
175
77
37
73
167
163
9
113
30
93
39
59
161
139
73
103
1
132
24
112
143
35
121
145
157
4
75
76
78
111
65
81
156
156
44
139
100
35
90
70
132
73
93
94
134
127
95
98
44
153
61
29
84
73
63
92
107
37
184
118
107
36
35
81
77
115
167
161
185
61
73
160
172
11
14
156
72
52
76
21
128
76
129
164
167
23
21
56
158
52
114
35
183
100
193
194
44
193
76
124
145
121
65
115
109
53
50
85
9
30
45
160
170
9
69
29
174
76
104
126
7
105
107
172
53
54
96
192
44
61
21
145
73
183
96
137
31
138
109
39
55
139
165
139
107
137
166
67
185
194
12
61
98
117
97
78
163
30
63
19
54
196
106
81
34
77
42
70
161
29
144
95
14
113
120
92
109
76
58
72
73
128
167
61
180
119
27
186
174
100
70
31
164
148
70
23
69
72
24
81
66
156
181
194
37
117
140
1
88
24
90
121
50
77
24
154
195
178
160
171
72
114
161
148
29
157
180
48
110
24
114
50
166
62
75
186
38
59
34
111
62
86
108
31
108
177
12
172
170
63
17
97
112
95
90
130
37
84
153
194
192
106
165
154
89
7
183
154
71
16
118
87
119
118
176
108
75
47
102
187
62
69
119
82
123
105
81
175
37
34
177
76
5
44
129
108
48
194
35
189
9
120
87
18
12
70
119
144
129
32
115
192
109
46
127
182
144
185
38
140
65
113
5
65
110
45
189
194
128
135
107
6
61
15
66
114
94
36
80
121
40
183
173
62
75
181
119
61
40
190
31
176
54
55
37
178
138
119
144
76
83
39
166
37
89
104
70
183
77
21
168
32
102
185
125
78
56
35
162
121
144
152
124
39
26
61
61
85
52
110
47
85
72
37
137
14
191
140
47
31
179
159
193
172
157
55
168
48
17
165
29
153
61
147
95
117
80
4
109
118
11
123
12
53
46
183
50
98
23
41
69
35
29
114
144
194
37
163
173
103
125
147
153
56
139
140
115
145
66
96
40
114
132
165
145
45
132
73
172
102
47
184
148
119
56
10
74
159
148
23
104
108
45
35
24
58
162
44
76
48
82
44
4
107
17
4
1
167
115
179
66
108
47
53
164
89
125
50
63
125
84
30
100
142
62
164
23
24
31
11
48
34
90
6
12
169
12
1
85
83
62
26
135
123
80
92
119
24
7
191
11
162
129
144
7
98
23
139
35
90
100
7
37
72
167
85
35
129
17
35
109
93
195
58
90
144
187
159
144
162
166
54
61
166
119
119
17
76
146
132
130
65
182
178
112
12
119
172
109
182
84
101
179
118
135
66
50
90
23
10
132
162
180
69
73
183
54
177
39
113
44
54
65
15
1
184
182
108
17
38
84
